144 5
149 5
154 6
158 7
163 8
168 10
172 12
176 15
179 18
182 23
184 27
185 31
187 36
188 41
189 45
190 50
191 55
192 60
192 64
192 69
192 74
193 79
194 85
194 89
196 93
198 97
201 101
203 105
206 110
208 114
211 118
214 122
216 126
219 130
222 133
225 137
228 141
230 145
232 150
234 154
236 158
238 163
240 168
241 172
241 177
242 182
243 187
243 192
243 196
243 201
242 206
240 210
244 213
246 217
247 222
247 227
249 231
253 235
257 237
261 239
265 242
268 246
269 250
267 255
263 258
259 261
255 263
251 265
246 267
242 270
238 272
234 275
230 278
227 281
223 285
220 288
216 291
212 293
207 295
203 295
198 295
193 294
189 292
185 289
182 285
180 281
180 276
180 271
180 266
180 262
181 257
181 252
182 247
180 244
176 247
173 250
170 253
165 256
161 258
157 260
152 261
148 263
143 264
138 264
133 264
128 264
124 263
119 262
115 260
111 262
113 267
114 271
114 275
114 280
112 285
111 289
107 292
102 293
97 293
92 293
88 292
83 290
79 289
74 287
69 286
65 284
60 283
56 282
51 281
46 280
41 279
37 278
32 277
27 275
23 272
22 268
23 263
26 259
28 255
29 250
29 245
28 241
27 236
27 231
27 226
29 222
33 219
37 218
42 218
47 217
52 216
54 211
55 207
59 204
64 204
68 205
72 208
76 211
80 214
82 218
85 222
87 226
90 230
93 234
96 238
98 242
101 246
104 250
106 254
108 258
111 262
113 267
116 271
118 275
120 279
125 281
130 281
135 281
139 281
144 281
149 280
154 280
159 281
163 282
168 282
173 282
178 283
182 282
184 277
185 273
185 268
186 263
187 259
187 253
187 249
187 244
187 239
187 234
187 229
187 224
188 220
188 215
191 212
195 210
199 213
200 218
202 222
205 226
209 228
214 229
219 229
223 229
227 225
231 221
234 218
237 215
238 210
237 206
233 203
229 201
224 199
219 198
214 199
210 200
206 203
202 206
199 210
199 206
199 201
199 196
200 191
200 186
200 181
200 177
199 172
198 167
197 162
195 158
193 153
191 149
188 145
186 141
183 137
182 132
181 127
180 123
178 118
176 114
173 110
171 105
169 101
168 96
169 92
171 87
170 83
167 79
168 74
168 69
168 65
168 61
167 55
164 51
160 49
155 48
151 49
147 52
144 56
144 61
144 65
146 70
149 70
149 65
150 60
153 58
158 56
162 58
164 62
165 67
164 72
161 76
156 77
152 75
147 74
143 73
138 70
133 71
129 71
129 66
129 61
127 57
125 53
121 50
116 51
112 54
110 59
110 63
110 68
111 73
114 77
116 75
114 70
113 66
114 62
117 58
122 57
125 61
126 66
126 71
124 74
120 77
116 80
113 83
111 87
114 91
118 95
122 96
128 98
132 98
136 97
141 96
145 94
150 92
154 90
158 87
162 86
166 89
167 94
164 98
160 102
156 103
152 106
148 108
144 110
139 112
134 112
130 111
125 109
121 107
117 104
114 105
114 110
112 114
109 118
107 122
105 127
103 131
102 136
101 141
99 145
97 150
95 154
93 158
90 162
88 167
87 171
85 176
84 180
82 185
82 189
82 194
83 199
85 203
87 208
90 211
94 215
98 217
101 220
105 223
109 226
112 230
115 233
117 237
117 242
114 245
110 248
105 249
101 248
97 245
94 242
91 238
88 234
85 230
82 226
80 222
77 218
75 214
72 210
70 206
68 202
64 199
60 196
58 192
59 188
61 183
63 179
65 175
67 170
69 166
71 162
73 157
74 153
76 148
77 143
79 139
81 135
84 131
87 127
90 124
93 120
96 116
99 112
102 109
104 104
105 99
106 95
107 90
106 85
106 80
105 76
105 71
104 66
104 61
104 56
104 51
104 47
104 42
104 37
105 32
106 28
108 23
110 19
113 15
117 12
121 9
125 8
130 6
134 5
139 5